Time, position.x, position.y, position.z
0.003578, -10, 3.26379e-005, 0
0.016899, -10, 0.000733386, 0
0.030304, -10, 0.0023635, 0
0.044479, -10, 0.00508823, 0
0.057968, -10, 0.00865342, 0
0.071472, -10, 0.013161, 0
0.085335, -10, 0.0187284, 0
0.099083, -10, 0.025238, 0
0.112679, -10, 0.0326126, 0
0.126289, -10, 0.0409333, 0
0.139946, -10, 0.0502334, 0
0.153763, -10, 0.0605889, 0
0.167480, -10, 0.0718252, 0
0.181213, -10, 0.0839702, 0
0.194984, -10, 0.0971796, 0
0.208847, -10, 0.111397, 0
0.222672, -10, 0.126518, 0
0.236572, -10, 0.142687, 0
0.250389, -10, 0.159638, 0
0.264503, -10, 0.177972, 0
0.278252, -10, 0.196961, 0
0.292351, -10, 0.217119, 0
0.306320, -10, 0.238168, 0
0.320663, -10, 0.260759, 0
0.334572, -10, 0.283608, 0
0.348488, -10, 0.307407, 0
0.362999, -10, 0.33322, 0
0.376923, -10, 0.358969, 0
0.391365, -10, 0.386544, 0
0.405235, -10, 0.414264, 0
0.419258, -10, 0.442884, 0
0.433311, -10, 0.472645, 0
0.447182, -10, 0.502938, 0
0.461189, -10, 0.534439, 0
0.475288, -10, 0.567098, 0
0.490028, -10, 0.602224, 0
0.504829, -10, 0.638425, 0
0.519089, -10, 0.674474, 0
0.533203, -10, 0.710997, 0
0.548050, -10, 0.750415, 0
0.562744, -10, 0.790413, 0
0.576874, -10, 0.829834, 0
0.591118, -10, 0.870351, 0
0.605949, -10, 0.91398, 0
0.621071, -10, 0.959021, 0
0.635399, -10, 1.00281, 0
0.649834, -10, 1.04789, 0
0.664200, -10, 1.09352, 0
0.678787, -10, 1.14103, 0
0.693199, -10, 1.18892, 0
0.707573, -10, 1.23758, 0
0.722069, -10, 1.28756, 0
0.737160, -10, 1.34054, 0
0.751572, -10, 1.39216, 0
0.766052, -10, 1.4449, 0
0.780548, -10, 1.49862, 0
0.795082, -10, 1.55343, 0
0.809914, -10, 1.6103, 0
0.824562, -10, 1.6674, 0
0.839325, -10, 1.72575, 0
0.854027, -10, 1.78516, 0
0.868584, -10, 1.84469, 0
0.883873, -10, 1.90824, 0
0.898903, -10, 1.97146, 0
0.913528, -10, 2.03455, 0
0.928131, -10, 2.09803, 0
0.942886, -10, 2.16307, 0
0.957779, -10, 2.22965, 0
0.972527, -10, 2.2965, 0
0.987267, -10, 2.36426, 0
1.002113, -10, 2.43315, 0
1.016792, -10, 2.50245, 0
1.031448, -10, 2.5725, 0
1.046715, -10, 2.64645, 0
1.061707, -10, 2.71998, 0
1.076576, -10, 2.79385, 0
1.091438, -10, 2.86887, 0
1.106262, -10, 2.94428, 0
1.118080, -10, 3.00508, 0
1.129860, -10, 3.06621, 0
1.141571, -10, 3.12753, 0
1.153458, -10, 3.19038, 0
1.166077, -10, 3.25773, 0
1.178383, -10, 3.32399, 0
1.194099, -10, 3.40949, 0
1.205910, -10, 3.47443, 0
1.218346, -10, 3.54336, 0
1.230072, -10, 3.60896, 0
1.242798, -10, 3.68072, 0
1.256142, -10, 3.7567, 0
1.269463, -10, 3.83316, 0
1.282921, -10, 3.9112, 0
1.296265, -10, 3.98927, 0
1.309685, -10, 4.06844, 0
1.323036, -10, 4.1479, 0
1.336456, -10, 4.22851, 0
1.349777, -10, 4.30916, 0
1.363289, -10, 4.3918, 0
1.381287, -10, 4.50217, 0
1.394455, -10, 4.58476, 0
1.406662, -10, 4.66133, 0
1.419685, -10, 4.74365, 0
1.432297, -10, 4.82402, 0
1.444611, -10, 4.90301, 0
1.457275, -10, 4.98485, 0
1.470459, -10, 5.07073, 0
1.483681, -10, 5.15751, 0
1.497078, -10, 5.2461, 0
1.510498, -10, 5.33545, 0
1.523865, -10, 5.4251, 0
1.537209, -10, 5.5153, 0
1.550591, -10, 5.60636, 0
1.564056, -10, 5.6987, 0
1.577385, -10, 5.79075, 0
1.590813, -10, 5.88402, 0
1.604340, -10, 5.97831, 0
1.619194, -10, 6.08314, 0
1.631683, -10, 6.17156, 0
1.645325, -10, 6.26923, 0
1.658340, -10, 6.36272, 0
1.671257, -10, 6.4563, 0
1.684570, -10, 6.55326, 0
1.698006, -10, 6.65179, 0
1.711487, -10, 6.75124, 0
1.724747, -10, 6.84972, 0
1.738831, -10, 6.95493, 0
1.751984, -10, 7.05392, 0
1.765030, -10, 7.1524, 0
1.778625, -10, 7.25611, 0
1.791756, -10, 7.3566, 0
1.805153, -10, 7.45973, 0
1.818672, -10, 7.56447, 0
1.831970, -10, 7.66798, 0
1.845322, -10, 7.77256, 0
1.858742, -10, 7.8784, 0
1.872032, -10, 7.98375, 0
1.885696, -10, 8.09261, 0
1.898842, -10, 8.19791, 0
1.912285, -10, 8.30625, 0
1.925598, -10, 8.41406, 0
1.939278, -10, 8.52551, 0
1.952629, -10, 8.63461, 0
1.965805, -10, 8.74372, 0
1.979630, -10, 8.85815, 0
1.993073, -10, 8.96994, 0
2.006523, -10, 9.08243, 0
2.020279, -10, 9.19808, 0
2.033508, -10, 9.30999, 0
2.046700, -10, 9.42187, 0
2.060623, -10, 9.54069, 0
2.074387, -10, 9.65873, 0
2.087685, -10, 9.77328, 0
2.100777, -10, 9.88672, 0
2.114235, -10, 10.0038, 0
2.127411, -10, 10.1191, 0
2.140686, -10, 10.2356, 0
2.154358, -10, 10.356, 0
2.167709, -10, 10.4743, 0
2.181297, -10, 10.5952, 0
2.194443, -10, 10.7129, 0
2.208374, -10, 10.8382, 0
2.221626, -10, 10.9579, 0
2.234703, -10, 11.0765, 0
2.247894, -10, 11.1965, 0
2.261154, -10, 11.3177, 0
2.274460, -10, 11.4399, 0
2.287865, -10, 11.5634, 0
2.301720, -10, 11.6918, 0
2.314934, -10, 11.8146, 0
2.328110, -10, 11.9374, 0
2.341293, -10, 12.0611, 0
2.354675, -10, 12.1871, 0
2.368347, -10, 12.3163, 0
2.381424, -10, 12.4404, 0
2.394867, -10, 12.5684, 0
2.408279, -10, 12.6968, 0
2.421631, -10, 12.8249, 0
2.435143, -10, 12.9551, 0
2.448433, -10, 13.0837, 0
2.462265, -10, 13.2179, 0
2.475342, -10, 13.3454, 0
2.489189, -10, 13.4806, 0
2.502571, -10, 13.612, 0
2.515656, -10, 13.7412, 0
2.528915, -10, 13.8724, 0
2.542038, -10, 14.0026, 0
2.555382, -10, 14.1356, 0
2.568787, -10, 14.2695, 0
2.582352, -10, 14.4056, 0
2.595749, -10, 14.5405, 0
2.609451, -10, 14.6788, 0
2.622665, -10, 14.8122, 0
2.636421, -10, 14.9526, 0
2.649628, -10, 15.0875, 0
2.663445, -10, 15.2286, 0
2.676819, -10, 15.3664, 0
2.690102, -10, 15.5033, 0
2.703575, -10, 15.6425, 0
2.716896, -10, 15.7806, 0
2.730713, -10, 15.9245, 0
2.743927, -10, 16.0624, 0
2.757805, -10, 16.2078, 0
2.771111, -10, 16.3476, 0
2.784485, -10, 16.4885, 0
2.797966, -10, 16.6309, 0
2.811768, -10, 16.7774, 0
2.825119, -10, 16.9193, 0
2.839127, -10, 17.0687, 0
2.852524, -10, 17.2116, 0
2.865547, -10, 17.3518, 0
2.878990, -10, 17.4964, 0
2.892349, -10, 17.6407, 0
2.905830, -10, 17.7866, 0
2.919205, -10, 17.9316, 0
2.933342, -10, 18.0855, 0
2.946777, -10, 18.2322, 0
2.960091, -10, 18.3779, 0
2.973473, -10, 18.5249, 0
2.986938, -10, 18.6728, 0
3.000526, -10, 18.8225, 0
3.014030, -10, 18.9723, 0
3.027367, -10, 19.1202, 0
3.040886, -10, 19.2706, 0
3.054970, -10, 19.4275, 0
3.068451, -10, 19.5784, 0
3.082382, -10, 19.7344, 0
3.096001, -10, 19.8876, 0
3.109512, -10, 20.0397, 0
3.122734, -10, 20.1891, 0
3.136345, -10, 20.3432, 0
3.150246, -10, 20.501, 0
3.163750, -10, 20.6546, 0
3.183701, -10, 20.8823, 0
3.196373, -10, 21.0274, 0
3.209755, -10, 21.1809, 0
3.223160, -10, 21.335, 0
3.236481, -10, 21.4885, 0
3.250084, -10, 21.6457, 0
3.263290, -10, 21.7984, 0
3.276695, -10, 21.954, 0
3.290062, -10, 22.1094, 0
3.303452, -10, 22.2655, 0
3.316864, -10, 22.4218, 0
3.330231, -10, 22.5784, 0
3.343613, -10, 22.7353, 0
3.356941, -10, 22.8919, 0
3.370346, -10, 23.0499, 0
3.383720, -10, 23.2077, 0
3.397148, -10, 23.3664, 0
3.410851, -10, 23.5289, 0
3.424400, -10, 23.6897, 0
3.437241, -10, 23.8424, 0
3.450752, -10, 24.0035, 0
3.464035, -10, 24.1621, 0
3.477448, -10, 24.3226, 0
3.491020, -10, 24.4853, 0
3.504204, -10, 24.6436, 0
3.517746, -10, 24.8064, 0
3.530952, -10, 24.9657, 0
3.544357, -10, 25.1277, 0
3.557808, -10, 25.2906, 0
3.571869, -10, 25.4608, 0
3.584694, -10, 25.6166, 0
3.597900, -10, 25.7772, 0
3.611496, -10, 25.9431, 0
3.625015, -10, 26.1079, 0
3.638046, -10, 26.2673, 0
3.651451, -10, 26.4317, 0
3.664772, -10, 26.5948, 0
3.678223, -10, 26.7602, 0
3.691521, -10, 26.9241, 0
3.704971, -10, 27.0897, 0
3.718300, -10, 27.2543, 0
3.731773, -10, 27.4209, 0
3.745079, -10, 27.5857, 0
3.758522, -10, 27.7526, 0
3.771858, -10, 27.9183, 0
3.785286, -10, 28.0854, 0
3.799538, -10, 28.2632, 0
3.812073, -10, 28.4193, 0
3.825409, -10, 28.5863, 0
3.838776, -10, 28.7535, 0
3.852211, -10, 28.922, 0
3.865540, -10, 29.0894, 0
3.878967, -10, 29.2581, 0
3.892288, -10, 29.4259, 0
3.905762, -10, 29.5957, 0
3.919075, -10, 29.7637, 0
3.932594, -10, 29.9346, 0
3.945847, -10, 30.1024, 0
3.959282, -10, 30.2728, 0
3.972618, -10, 30.4419, 0
3.986053, -10, 30.6126, 0
3.999382, -10, 30.7823, 0
4.012794, -10, 30.9532, 0
4.026138, -10, 31.1233, 0
4.039566, -10, 31.2949, 0
4.053047, -10, 31.4672, 0
4.066345, -10, 31.6373, 0
4.079727, -10, 31.8089, 0
4.093040, -10, 31.9798, 0
4.106422, -10, 32.1516, 0
4.119881, -10, 32.3246, 0
4.133232, -10, 32.4966, 0
4.146606, -10, 32.6688, 0
4.160019, -10, 32.8419, 0
4.173317, -10, 33.0139, 0
4.186821, -10, 33.188, 0
4.200127, -10, 33.3605, 0
4.213524, -10, 33.5341, 0
4.226952, -10, 33.7081, 0
4.240326, -10, 33.8818, 0
4.253807, -10, 34.057, 0
4.267044, -10, 34.2292, 0
4.280487, -10, 34.4042, 0
4.293808, -10, 34.5777, 0
4.307236, -10, 34.7526, 0
4.320641, -10, 34.9278, 0
4.334015, -10, 35.1026, 0
4.347542, -10, 35.2795, 0
4.360802, -10, 35.453, 0
4.374252, -10, 35.6291, 0
4.387489, -10, 35.8028, 0
4.400932, -10, 35.9792, 0
4.414322, -10, 36.155, 0
4.427711, -10, 36.331, 0
4.441101, -10, 36.507, 0
4.454536, -10, 36.6838, 0
4.467796, -10, 36.8586, 0
4.481216, -10, 37.0356, 0
4.494553, -10, 37.2113, 0
4.508087, -10, 37.3899, 0
4.521393, -10, 37.5658, 0
4.534767, -10, 37.7424, 0
4.548172, -10, 37.9198, 0
4.561470, -10, 38.0958, 0
4.574966, -10, 38.2739, 0
4.588333, -10, 38.4518, 0
4.601662, -10, 38.6283, 0
4.615044, -10, 38.8059, 0
4.628441, -10, 38.9838, 0
4.642014, -10, 39.1638, 0
4.655228, -10, 39.3397, 0
4.668617, -10, 39.5177, 0
4.681931, -10, 39.6946, 0
4.695358, -10, 39.8734, 0
4.708763, -10, 40.052, 0
4.722145, -10, 40.2303, 0
4.735489, -10, 40.4082, 0
4.748886, -10, 40.5862, 0
4.762306, -10, 40.7659, 0
4.775604, -10, 40.9434, 0
4.789032, -10, 41.1227, 0
4.802467, -10, 41.3021, 0
4.815804, -10, 41.4803, 0
4.829216, -10, 41.6596, 0
4.842529, -10, 41.8376, 0
4.855988, -10, 42.0177, 0
4.869499, -10, 42.1985, 0
4.882774, -10, 42.376, 0
4.896133, -10, 42.555, 0
4.909523, -10, 42.7343, 0
4.922913, -10, 42.9136, 0
4.936279, -10, 43.0928, 0
4.949753, -10, 43.2733, 0
4.962975, -10, 43.4506, 0
4.976402, -10, 43.6308, 0
4.989815, -10, 43.8107, 0
5.003204, -10, 43.9902, 0
5.016594, -10, 44.1698, 0
5.029900, -10, 44.3484, 0
5.043442, -10, 44.5301, 0
5.056709, -10, 44.7081, 0
5.070107, -10, 44.8882, 0
5.083458, -10, 45.0675, 0
5.096893, -10, 45.2478, 0
5.110260, -10, 45.4266, 0
5.123657, -10, 45.6072, 0
5.136978, -10, 45.7861, 0
5.151207, -10, 45.977, 0
5.163750, -10, 46.1457, 0
5.177269, -10, 46.3274, 0
5.190651, -10, 46.5072, 0
5.203934, -10, 46.6855, 0
5.217361, -10, 46.8659, 0
5.230751, -10, 47.0457, 0
5.244049, -10, 47.2243, 0
5.257507, -10, 47.4051, 0
5.270897, -10, 47.5849, 0
5.284256, -10, 47.7643, 0
5.297661, -10, 47.9443, 0
5.310982, -10, 48.123, 0
5.324387, -10, 48.3032, 0
5.337799, -10, 48.4831, 0
5.350502, -10, 48.6534, 0
5.363892, -10, 48.8332, 0
5.377289, -10, 49.0129, 0
5.392212, -10, 49.2076, 0
5.408882, -10, 49.4315, 0
5.422440, -10, 49.6169, 0
5.433052, -10, 49.7457, 0
5.444153, -10, 49.9092, 0
5.457596, -10, 50.0893, 0
5.470963, -10, 50.2684, 0
5.484406, -10, 50.4484, 0
5.497658, -10, 50.6257, 0
5.511131, -10, 50.806, 0
5.525970, -10, 50.9991, 0
5.542412, -10, 51.2191, 0
5.557236, -10, 51.4213, 0
5.567764, -10, 51.5478, 0
5.578041, -10, 51.7004, 0
5.591354, -10, 51.8782, 0
5.604805, -10, 52.0578, 0
5.618286, -10, 52.2372, 0
5.633080, -10, 52.4297, 0
5.649719, -10, 52.6512, 0
5.663734, -10, 52.8419, 0
5.674644, -10, 52.9886, 0
5.685104, -10, 53.1277, 0
5.698425, -10, 53.305, 0
5.711853, -10, 53.4836, 0
5.725250, -10, 53.6616, 0
5.738632, -10, 53.8392, 0
5.753777, -10, 54.035, 0
5.770027, -10, 54.2507, 0
5.782791, -10, 54.4239, 0
5.792679, -10, 54.5544, 0
5.805725, -10, 54.729, 0
5.818985, -10, 54.9041, 0
5.832428, -10, 55.082, 0
5.845695, -10, 55.2576, 0
5.859177, -10, 55.4354, 0
5.872505, -10, 55.6113, 0
5.887619, -10, 55.8056, 0
5.904770, -10, 56.0317, 0
5.917427, -10, 56.2023, 0
5.927391, -10, 56.3332, 0
5.939934, -10, 56.4976, 0
5.953171, -10, 56.6721, 0
5.966499, -10, 56.8474, 0
5.980042, -10, 57.025, 0
5.993256, -10, 57.1982, 0
6.006676, -10, 57.374, 0
6.020065, -10, 57.5493, 0
6.033463, -10, 57.7245, 0
6.046875, -10, 57.8995, 0
6.060234, -10, 58.0741, 0
6.073547, -10, 58.2478, 0
6.086945, -10, 58.4223, 0
6.100380, -10, 58.5973, 0
6.113731, -10, 58.771, 0
6.127220, -10, 58.9462, 0
6.140770, -10, 59.1221, 0
6.153885, -10, 59.2921, 0
6.167313, -10, 59.4659, 0
6.180595, -10, 59.638, 0
6.194031, -10, 59.8117, 0
6.207458, -10, 59.9852, 0
6.220818, -10, 60.1576, 0
6.234207, -10, 60.3302, 0
6.247513, -10, 60.5015, 0
6.261131, -10, 60.676, 0
6.274330, -10, 60.8461, 0
6.287819, -10, 61.0191, 0
6.301147, -10, 61.1899, 0
6.314499, -10, 61.3609, 0
6.328041, -10, 61.5341, 0
6.341263, -10, 61.7028, 0
6.354584, -10, 61.8729, 0
6.368027, -10, 62.0441, 0
6.381439, -10, 62.2147, 0
6.394798, -10, 62.3843, 0
6.408241, -10, 62.555, 0
6.421776, -10, 62.7264, 0
6.434959, -10, 62.8935, 0
6.448318, -10, 63.0625, 0
6.461700, -10, 63.2313, 0
6.475204, -10, 63.4015, 0
6.488472, -10, 63.5687, 0
6.501900, -10, 63.7375, 0
6.515282, -10, 63.9054, 0
6.528816, -10, 64.0751, 0
6.542000, -10, 64.2401, 0
6.555435, -10, 64.4082, 0
6.569153, -10, 64.5797, 0
6.582558, -10, 64.7479, 0
6.595230, -10, 64.9055, 0
6.608788, -10, 65.0734, 0
6.623421, -10, 65.2502, 0
6.641167, -10, 65.4704, 0
6.654938, -10, 65.6443, 0
6.664696, -10, 65.7663, 0
6.675468, -10, 65.8988, 0
6.688889, -10, 66.064, 0
6.702278, -10, 66.2285, 0
6.715843, -10, 66.395, 0
6.729012, -10, 66.5563, 0
6.743950, -10, 66.7346, 0
6.760544, -10, 66.9366, 0
6.773903, -10, 67.1031, 0
6.784447, -10, 67.2325, 0
6.795967, -10, 67.3722, 0
6.809265, -10, 67.5335, 0
6.822830, -10, 67.6972, 0
6.836075, -10, 67.8576, 0
6.849503, -10, 68.0195, 0
6.864433, -10, 68.1942, 0
6.882004, -10, 68.4053, 0
6.894890, -10, 68.5632, 0
6.904625, -10, 68.6808, 0
6.916527, -10, 68.8227, 0
6.930107, -10, 68.9846, 0
6.943176, -10, 69.1403, 0
6.956566, -10, 69.2993, 0
6.970039, -10, 69.4587, 0
6.983322, -10, 69.6161, 0
6.998283, -10, 69.7885, 0
7.016029, -10, 69.9967, 0
7.028976, -10, 70.1523, 0
7.039261, -10, 70.2742, 0
7.050247, -10, 70.4026, 0
7.063560, -10, 70.5582, 0
7.077026, -10, 70.7149, 0
7.090355, -10, 70.8701, 0
7.103752, -10, 71.0257, 0
7.118629, -10, 71.193, 0
7.135170, -10, 71.384, 0
7.149109, -10, 71.5481, 0
7.158684, -10, 71.659, 0
7.170700, -10, 71.797, 0
7.184074, -10, 71.95, 0
7.197403, -10, 72.1025, 0
7.210785, -10, 72.2548, 0
7.224243, -10, 72.4076, 0
7.239059, -10, 72.5709, 0
7.256340, -10, 72.7664, 0
7.268524, -10, 72.9072, 0
7.278297, -10, 73.0175, 0
7.291077, -10, 73.1617, 0
7.304550, -10, 73.3126, 0
7.317841, -10, 73.4611, 0
7.331299, -10, 73.6109, 0
7.344688, -10, 73.7597, 0
7.358055, -10, 73.908, 0
7.371948, -10, 74.0603, 0
7.385223, -10, 74.2065, 0
7.398521, -10, 74.3532, 0
7.412071, -10, 74.5012, 0
7.425369, -10, 74.6468, 0
7.438721, -10, 74.7924, 0
7.452141, -10, 74.9384, 0
7.465530, -10, 75.0836, 0
7.478828, -10, 75.2274, 0
7.492218, -10, 75.372, 0
7.505600, -10, 75.5156, 0
7.519073, -10, 75.6601, 0
7.532455, -10, 75.8033, 0
7.545815, -10, 75.9457, 0
7.559120, -10, 76.087, 0
7.572662, -10, 76.2305, 0
7.585854, -10, 76.3702, 0
7.599274, -10, 76.5112, 0
7.612762, -10, 76.6528, 0
7.626083, -10, 76.7922, 0
7.639511, -10, 76.9324, 0
7.652908, -10, 77.0717, 0
7.666161, -10, 77.2094, 0
7.685188, -10, 77.4043, 0
7.692154, -10, 77.477, 0
7.705536, -10, 77.6146, 0
7.719795, -10, 77.7572, 0
7.733055, -10, 77.8925, 0
7.746384, -10, 78.0286, 0
7.759903, -10, 78.165, 0
7.773186, -10, 78.2994, 0
7.786720, -10, 78.4351, 0
7.800102, -10, 78.5696, 0
7.813431, -10, 78.7026, 0
7.826859, -10, 78.8363, 0
7.840202, -10, 78.968, 0
7.853630, -10, 79.1015, 0
7.866859, -10, 79.2322, 0
7.880341, -10, 79.3643, 0
7.893768, -10, 79.4956, 0
7.907188, -10, 79.6261, 0
7.920540, -10, 79.756, 0
7.933914, -10, 79.8854, 0
7.947418, -10, 80.014, 0
7.960632, -10, 80.1422, 0
7.974106, -10, 80.2706, 0
7.987389, -10, 80.3975, 0
8.000847, -10, 80.5251, 0
8.014359, -10, 80.6515, 0
8.027603, -10, 80.7772, 0
8.041168, -10, 80.9049, 0
8.057541, -10, 81.0562, 0
8.066956, -10, 81.1475, 0
8.080254, -10, 81.271, 0
8.093689, -10, 81.3947, 0
8.108055, -10, 81.5223, 0
8.121277, -10, 81.6444, 0
8.134521, -10, 81.7653, 0
8.148041, -10, 81.8875, 0
8.161293, -10, 82.0073, 0
8.174812, -10, 82.1284, 0
8.188286, -10, 82.2489, 0
8.201538, -10, 82.3668, 0
8.215088, -10, 82.4857, 0
8.228302, -10, 82.6035, 0
8.241875, -10, 82.7214, 0
8.255074, -10, 82.8379, 0
8.268532, -10, 82.955, 0
8.281837, -10, 83.07, 0
8.295258, -10, 83.1857, 0
8.308815, -10, 83.3007, 0
8.322029, -10, 83.4147, 0
8.335548, -10, 83.5284, 0
8.348770, -10, 83.6411, 0
8.362198, -10, 83.754, 0
8.375710, -10, 83.8671, 0
8.388977, -10, 83.9773, 0
8.402206, -10, 84.0872, 0
8.415749, -10, 84.1983, 0
8.428993, -10, 84.3071, 0
8.442413, -10, 84.4163, 0
8.455879, -10, 84.5254, 0
8.469276, -10, 84.6332, 0
8.482643, -10, 84.7404, 0
8.496025, -10, 84.8472, 0
8.509575, -10, 84.9533, 0
8.522743, -10, 85.0582, 0
8.536201, -10, 85.1638, 0
8.549431, -10, 85.267, 0
8.562943, -10, 85.3715, 0
8.576355, -10, 85.4749, 0
8.589920, -10, 85.5787, 0
8.603226, -10, 85.6788, 0
8.616432, -10, 85.7799, 0
8.629898, -10, 85.8808, 0
8.643196, -10, 85.9805, 0
8.656563, -10, 86.0799, 0
8.669998, -10, 86.179, 0
8.683403, -10, 86.2773, 0
8.696800, -10, 86.3749, 0
8.710320, -10, 86.4716, 0
8.723679, -10, 86.568, 0
8.736900, -10, 86.6633, 0
8.750290, -10, 86.7584, 0
8.763748, -10, 86.8533, 0
8.777115, -10, 86.9468, 0
8.790581, -10, 87.0396, 0
8.803772, -10, 87.1317, 0
8.817406, -10, 87.224, 0
8.830536, -10, 87.3146, 0
8.844017, -10, 87.4057, 0
8.857689, -10, 87.4963, 0
8.870750, -10, 87.5845, 0
8.884010, -10, 87.6725, 0
8.897530, -10, 87.7607, 0
8.910889, -10, 87.848, 0
8.924286, -10, 87.9345, 0
8.937683, -10, 88.0204, 0
8.951019, -10, 88.1053, 0
8.964607, -10, 88.1901, 0
8.977829, -10, 88.2739, 0
8.991425, -10, 88.3572, 0
9.004776, -10, 88.4396, 0
9.017937, -10, 88.521, 0
9.031372, -10, 88.6024, 0
9.044754, -10, 88.6827, 0
9.058113, -10, 88.7624, 0
9.071655, -10, 88.8415, 0
9.084831, -10, 88.9194, 0
9.098251, -10, 88.9974, 0
9.111603, -10, 89.074, 0
9.125122, -10, 89.1509, 0
9.138351, -10, 89.2257, 0
9.151840, -10, 89.3008, 0
9.165085, -10, 89.3744, 0
9.178581, -10, 89.4482, 0
9.191872, -10, 89.5206, 0
9.205399, -10, 89.5931, 0
9.218712, -10, 89.6639, 0
9.232109, -10, 89.7345, 0
9.245514, -10, 89.8044, 0
9.258934, -10, 89.8736, 0
9.272285, -10, 89.9417, 0
9.285522, -10, 90.0088, 0
9.299080, -10, 90.0763, 0
9.312408, -10, 90.1422, 0
9.325806, -10, 90.2076, 0
9.339333, -10, 90.2722, 0
9.352554, -10, 90.336, 0
9.366081, -10, 90.3992, 0
9.379303, -10, 90.4614, 0
9.392784, -10, 90.5236, 0
9.406113, -10, 90.5842, 0
9.419540, -10, 90.6445, 0
9.433090, -10, 90.7038, 0
9.446289, -10, 90.7624, 0
9.459824, -10, 90.8203, 0
9.472969, -10, 90.8769, 0
9.486359, -10, 90.9335, 0
9.499687, -10, 90.9888, 0
9.513138, -10, 91.0437, 0
9.526726, -10, 91.0978, 0
9.539917, -10, 91.1509, 0
9.553459, -10, 91.2034, 0
9.566719, -10, 91.255, 0
9.580193, -10, 91.3058, 0
9.592979, -10, 91.355, 0
9.607368, -10, 91.4071, 0
9.619484, -10, 91.4523, 0
9.633102, -10, 91.4998, 0
9.647018, -10, 91.5484, 0
9.660370, -10, 91.5945, 0
9.673798, -10, 91.6398, 0
9.687073, -10, 91.6841, 0
9.700554, -10, 91.7281, 0
9.713943, -10, 91.771, 0
9.727303, -10, 91.813, 0
9.740707, -10, 91.8543, 0
9.753960, -10, 91.8944, 0
9.767540, -10, 91.9345, 0
9.780853, -10, 91.9731, 0
9.794182, -10, 92.011, 0
9.807648, -10, 92.0483, 0
9.820129, -10, 92.0831, 0
9.833595, -10, 92.1188, 0
9.846886, -10, 92.1533, 0
9.861145, -10, 92.1886, 0
9.874420, -10, 92.2214, 0
9.887848, -10, 92.2536, 0
9.901443, -10, 92.285, 0
9.914680, -10, 92.3155, 0
9.928268, -10, 92.3451, 0
9.941391, -10, 92.3737, 0
9.954819, -10, 92.4017, 0
9.968109, -10, 92.4287, 0
9.981598, -10, 92.455, 0
9.995316, -10, 92.481, 0
10.008392, -10, 92.5049, 0
